#FIG 3.2  Produced by xfig version 3.2.5b
Landscape
Center
Metric
A4      
100.00
Single
-2
1200 2
2 2 0 4 0 7 50 -1 -1 0.000 0 0 -1 0 0 5
	 450 2700 11700 2700 11700 5175 450 5175 450 2700
2 2 0 2 0 7 50 -1 -1 0.000 0 0 -1 0 0 5
	 5400 2700 450 2700 450 5175 5400 5175 5400 2700
2 2 0 2 0 7 50 -1 -1 0.000 0 0 -1 0 0 5
	 450 2700 5400 2700 5400 3150 450 3150 450 2700
2 2 0 2 0 7 50 -1 -1 0.000 0 0 -1 0 0 5
	 450 3150 2700 3150 2700 5175 450 5175 450 3150
2 2 0 2 0 7 50 -1 -1 0.000 0 0 -1 0 0 5
	 2700 3150 3600 3150 3600 5175 2700 5175 2700 3150
2 2 0 2 0 7 50 -1 -1 0.000 0 0 -1 0 0 5
	 3600 3150 4500 3150 4500 5175 3600 5175 3600 3150
2 2 0 2 0 7 50 -1 -1 0.000 0 0 -1 0 0 5
	 450 3150 2700 3150 2700 3600 450 3600 450 3150
2 2 0 2 0 7 50 -1 -1 0.000 0 0 -1 0 0 5
	 450 4725 11700 4725 11700 5175 450 5175 450 4725
2 2 0 2 0 7 50 -1 -1 0.000 0 0 -1 0 0 5
	 7875 2700 11700 2700 11700 5175 7875 5175 7875 2700
2 2 0 2 0 7 50 -1 -1 0.000 0 0 -1 0 0 5
	 8775 5175 7875 5175 7875 3600 8775 3600 8775 5175
2 2 0 2 0 7 50 -1 -1 0.000 0 0 -1 0 0 5
	 9675 5175 8775 5175 8775 3600 9675 3600 9675 5175
2 2 0 2 0 7 50 -1 -1 0.000 0 0 -1 0 0 5
	 10575 3600 9675 3600 9675 5175 10575 5175 10575 3600
2 2 0 2 0 7 50 -1 -1 0.000 0 0 -1 0 0 5
	 7875 2700 11700 2700 11700 3150 7875 3150 7875 2700
2 2 0 2 0 7 50 -1 -1 0.000 0 0 -1 0 0 5
	 11700 3150 10575 3150 10575 4725 11700 4725 11700 3150
2 2 0 2 0 7 50 -1 -1 0.000 0 0 -1 0 0 5
	 1125 3600 450 3600 450 5175 1125 5175 1125 3600
2 2 0 2 0 7 50 -1 -1 0.000 0 0 -1 0 0 5
	 1890 3600 2700 3600 2700 5175 1890 5175 1890 3600
4 0 0 50 -1 2 12 0.0000 4 180 4590 675 2880 Telemetry Transfer Frame Secondary Header (32 bits)\001
4 0 0 50 -1 2 12 0.0000 4 135 1800 495 3375 Frame Identification\001
4 0 0 50 -1 2 12 0.0000 4 135 630 495 3915 Version\001
4 0 0 50 -1 2 12 0.0000 4 135 540 495 4110 Number\001
4 0 0 50 -1 2 12 0.0000 4 135 630 1170 3960 Virtual\001
4 0 0 50 -1 2 12 0.0000 4 135 630 1170 4155 Channel\001
4 0 0 50 -1 2 12 0.0000 4 135 180 1170 4350 ID\001
4 0 0 50 -1 2 12 0.0000 4 165 450 1935 3960 Spare\001
4 0 0 50 -1 2 12 0.0000 4 135 540 2790 3690 Master\001
4 0 0 50 -1 2 12 0.0000 4 135 540 2790 3885 Frame \001
4 0 0 50 -1 2 12 0.0000 4 135 450 2790 4080 Count\001
4 0 0 50 -1 2 12 0.0000 4 135 630 3735 3600 Virtual\001
4 0 0 50 -1 2 12 0.0000 4 135 630 3735 3795 Channel\001
4 0 0 50 -1 2 12 0.0000 4 135 450 3735 3990 Frame\001
4 0 0 50 -1 2 12 0.0000 4 135 450 3735 4185 Count\001
4 0 0 50 -1 2 12 0.0000 4 135 450 4590 3645 First\001
4 0 0 50 -1 2 12 0.0000 4 135 540 4590 3840 Header\001
4 0 0 50 -1 2 12 0.0000 4 135 630 4590 4035 Pointer\001
4 0 0 50 -1 2 12 0.0000 4 135 360 6210 3645 Data\001
4 0 0 50 -1 2 12 0.0000 4 165 2880 7965 2925 Telemetry Transfer Frame Trailer\001
4 0 0 50 -1 2 12 0.0000 4 135 1080 8190 3375 Frame Status\001
4 0 0 50 -1 2 12 0.0000 4 135 360 10845 3960 Time\001
4 0 0 50 -1 2 12 0.0000 4 135 360 8055 4005 Time\001
4 0 0 50 -1 2 12 0.0000 4 165 360 8055 4200 Flag\001
4 0 0 50 -1 2 12 0.0000 4 165 450 8865 4050 Spare\001
4 0 0 50 -1 2 12 0.0000 4 135 180 9900 3915 TC\001
4 0 0 50 -1 2 12 0.0000 4 120 450 9900 4110 count\001
4 0 0 50 -1 2 12 0.0000 4 135 90 630 4995 2\001
4 0 0 50 -1 2 12 0.0000 4 135 90 1395 4950 3\001
4 0 0 50 -1 2 12 0.0000 4 135 90 2160 5040 3\001
4 0 0 50 -1 2 12 0.0000 4 135 90 3015 4995 8\001
4 0 0 50 -1 2 12 0.0000 4 135 90 3960 4950 8\001
4 0 0 50 -1 2 12 0.0000 4 135 90 4860 4950 8\001
4 0 0 50 -1 2 12 0.0000 4 135 720 6165 4950 0 - 2008\001
4 0 0 50 -1 2 12 0.0000 4 135 90 8190 4950 4\001
4 0 0 50 -1 2 12 0.0000 4 135 90 9090 4950 2\001
4 0 0 50 -1 2 12 0.0000 4 135 90 9990 4950 2\001
4 0 0 50 -1 2 12 0.0000 4 135 540 10845 4950 0 - 64\001
