#FIG 3.2  Produced by xfig version 3.2.5b
Landscape
Center
Metric
A4      
100.00
Single
-2
1200 2
2 3 0 2 0 7 50 -1 -1 0.000 0 0 -1 0 0 8
	 1125 2025 1125 3150 8280 3150 8505 2655 8325 2655 8595 2025
	 1080 2025 1125 2025
2 3 0 2 0 7 50 -1 -1 0.000 0 0 -1 0 0 8
	 8955 2025 8685 2655 8820 2655 8595 3150 10440 3150 10440 2025
	 8955 2025 8955 2025
2 1 0 1 0 7 50 -1 -1 0.000 0 0 -1 1 1 2
	1 1 1.00 60.00 120.00
	1 1 1.00 60.00 120.00
	 1125 1395 10350 1395
2 1 3 1 0 7 50 -1 -1 4.000 0 0 -1 0 0 2
	 2700 2025 2700 3150
2 1 3 1 0 7 50 -1 -1 4.000 0 0 -1 0 0 2
	 4275 2025 4275 3150
2 1 3 1 0 7 50 -1 -1 4.000 0 0 -1 0 0 2
	 5850 2025 5850 3150
2 1 3 1 0 7 50 -1 -1 4.000 0 0 -1 0 0 2
	 7425 2025 7425 3150
2 1 3 1 0 7 50 -1 -1 4.000 0 0 -1 0 0 2
	 9000 2025 9000 3150
2 2 0 2 0 7 50 -1 -1 6.000 0 0 -1 0 0 5
	 675 3825 2700 3825 2700 4905 675 4905 675 3825
2 2 0 2 0 7 50 -1 -1 6.000 0 0 -1 0 0 5
	 2250 5175 4275 5175 4275 6255 2250 6255 2250 5175
2 2 0 2 0 7 50 -1 -1 6.000 0 0 -1 0 0 5
	 3825 6525 5850 6525 5850 7650 3825 7650 3825 6525
2 2 0 2 0 7 50 -1 -1 6.000 0 0 -1 0 0 5
	 5400 7920 7425 7920 7425 9000 5400 9000 5400 7920
2 2 0 2 0 7 50 -1 -1 6.000 0 0 -1 0 0 5
	 8775 9675 10800 9675 10800 10800 8775 10800 8775 9675
2 1 0 2 0 7 50 -1 -1 6.000 0 0 -1 0 0 2
	 1125 3825 1125 4950
2 1 0 2 0 7 50 -1 -1 6.000 0 0 -1 0 0 2
	 2700 5175 2700 6255
2 1 0 2 0 7 50 -1 -1 6.000 0 0 -1 0 0 2
	 4275 6525 4275 7650
2 1 0 2 0 7 50 -1 -1 6.000 0 0 -1 0 0 2
	 5850 7920 5850 9000
2 1 0 2 0 7 50 -1 -1 6.000 0 0 -1 0 0 2
	 9225 9675 9225 10800
2 1 4 1 0 7 50 -1 -1 4.000 0 0 -1 1 0 2
	0 0 1.00 60.00 120.00
	 3150 8730 3915 7695
4 0 0 50 -1 0 12 0.0000 4 165 3690 3330 1125                Original Service Data Unit\001
4 0 0 50 -1 2 12 0.0000 4 135 1080 4500 2520 Service Data\001
4 0 0 50 -1 2 12 0.0000 4 135 540 1395 4230 Part 1\001
4 0 0 50 -1 2 12 0.0000 4 135 540 3015 5670 Part 2\001
4 0 0 50 -1 2 12 0.0000 4 135 540 4590 7065 Part 3\001
4 0 0 50 -1 2 12 0.0000 4 135 540 6120 8415 Part 4\001
4 0 0 50 -1 2 12 0.0000 4 135 540 9585 10215 Part N\001
4 0 0 50 -1 2 12 0.0000 4 165 1440 2295 8910 Secondary Header\001
